第0组输入
6
第0组输出
   1
   1   1
   1   2   1
   1   3   3   1
   1   4   6   4   1
   1   5  10  10   5   1

第1组输入
1
第1组输出
   1

第2组输入
2
第2组输出
   1
   1   1

第3组输入
10
第3组输出
   1
   1   1
   1   2   1
   1   3   3   1
   1   4   6   4   1
   1   5  10  10   5   1
   1   6  15  20  15   6   1
   1   7  21  35  35  21   7   1
   1   8  28  56  70  56  28   8   1
   1   9  36  84 126 126  84  36   9   1

第4组输入
3
第4组输出
   1
   1   1
   1   2   1

第5组输入
9
第5组输出
   1
   1   1
   1   2   1
   1   3   3   1
   1   4   6   4   1
   1   5  10  10   5   1
   1   6  15  20  15   6   1
   1   7  21  35  35  21   7   1
   1   8  28  56  70  56  28   8   1


