第0组输入
400
第0组输出
   23   53   83  113  143  173  203  233  263  293
  323  353  383

第1组输入
600
第1组输出
   23   53   83  113  143  173  203  233  263  293
  323  353  383  413  443  473  503  533  563  593

第2组输入
800
第2组输出
   23   53   83  113  143  173  203  233  263  293
  323  353  383  413  443  473  503  533  563  593
  623  653  683  713  743  773

第3组输入
1000
第3组输出
   23   53   83  113  143  173  203  233  263  293
  323  353  383  413  443  473  503  533  563  593
  623  653  683  713  743  773  803  833  863  893
  923  953  983

第4组输入
1500
第4组输出
   23   53   83  113  143  173  203  233  263  293
  323  353  383  413  443  473  503  533  563  593
  623  653  683  713  743  773  803  833  863  893
  923  953  983 1013 1043 1073 1103 1133 1163 1193
 1223 1253 1283 1313 1343 1373 1403 1433 1463 1493

第5组输入
0
第5组输出

第6组输入
3500
第6组输出
   23   53   83  113  143  173  203  233  263  293
  323  353  383  413  443  473  503  533  563  593
  623  653  683  713  743  773  803  833  863  893
  923  953  983 1013 1043 1073 1103 1133 1163 1193
 1223 1253 1283 1313 1343 1373 1403 1433 1463 1493
 1523 1553 1583 1613 1643 1673 1703 1733 1763 1793
 1823 1853 1883 1913 1943 1973 2003 2033 2063 2093
 2123 2153 2183 2213 2243 2273 2303 2333 2363 2393
 2423 2453 2483 2513 2543 2573 2603 2633 2663 2693
 2723 2753 2783 2813 2843 2873 2903 2933 2963 2993
 3023 3053 3083 3113 3143 3173 3203 3233 3263 3293
 3323 3353 3383 3413 3443 3473


